========================================================================================
EXPERIMENTO B — MUTAÇÃO COMO TAXA POR SÍTIO POR PASSO
========================================================================================
     b       mu     L      p   P_esc  antes nuc    t_esc    t_nuc   rho_C   perc  estac.
  1.07    1e-03   101   0.42    1.00       1.00     1014      nan   0.504   0.47     NÃO
  1.07    1e-03   101   0.44    0.63       0.63     1725      nan   0.202   0.02     sim
  1.07    1e-03   101   0.48    0.10       0.10    13231      nan   0.068   0.00     sim
  1.07    1e-03   101   0.52    0.00       0.00      nan      nan   0.021   0.00     sim
  1.07    1e-03   101   0.56    0.00       0.00      nan      nan   0.010   0.00     sim
  1.07    1e-03   201   0.42    1.00       0.90     3284     1691   0.286   0.09     sim
  1.07    1e-03   201   0.44    0.70       0.50     8581     5020   0.143   0.00     sim
  1.07    1e-03   201   0.48    0.00       0.00      nan     5020   0.014   0.00     sim
  1.07    1e-03   201   0.52    0.00       0.00      nan     1692   0.008   0.00     sim
  1.07    1e-03   201   0.56    0.00       0.00      nan     8605   0.008   0.00     sim
  1.07    3e-03   101   0.42    1.00       1.00      294      176   0.631   0.65     sim
  1.07    3e-03   101   0.44    0.83       0.77     1230     3568   0.298   0.04     sim
  1.07    3e-03   101   0.48    0.10       0.10     1359     5189   0.066   0.00     sim
  1.07    3e-03   101   0.52    0.00       0.00      nan     4713   0.018   0.00     sim
  1.07    3e-03   101   0.56    0.00       0.00      nan     4434   0.010   0.00     sim
  1.07    3e-03   201   0.42    1.00       0.90     1480     1900   0.486   0.31     NÃO
  1.07    3e-03   201   0.44    0.90       0.50     4082     3954   0.174   0.00     sim
  1.07    3e-03   201   0.48    0.00       0.00      nan     2864   0.021   0.00     sim
  1.07    3e-03   201   0.52    0.00       0.00      nan     4513   0.011   0.00     sim
  1.07    3e-03   201   0.56    0.00       0.00      nan     3988   0.010   0.00     sim
  1.07    1e-02   101   0.42    1.00       0.87      148      223   0.656   0.33     sim
  1.07    1e-02   101   0.44    0.80       0.70      465      865   0.442   0.03     sim
  1.07    1e-02   101   0.48    0.33       0.17     1728      948   0.098   0.00     sim
  1.07    1e-02   101   0.52    0.00       0.00      nan      915   0.030   0.00     sim
  1.07    1e-02   101   0.56    0.00       0.00      nan     1326   0.020   0.00     sim
  1.07    1e-02   201   0.42    1.00       0.40      608      622   0.649   0.12     NÃO
  1.07    1e-02   201   0.44    1.00       0.10     1358      622   0.369   0.00     sim
  1.07    1e-02   201   0.48    0.00       0.00      nan      690   0.049   0.00     sim
  1.07    1e-02   201   0.52    0.00       0.00      nan      386   0.022   0.00     sim
  1.07    1e-02   201   0.56    0.00       0.00      nan     1214   0.018   0.00     sim
  1.07    3e-02   101   0.42    1.00       0.07      151       53   0.488   0.00     sim
  1.07    3e-02   101   0.44    0.90       0.00      237       28   0.365   0.00     NÃO
  1.07    3e-02   101   0.48    0.20       0.00      800       30   0.121   0.00     sim
  1.07    3e-02   101   0.52    0.00       0.00      nan       76   0.054   0.00     sim
  1.07    3e-02   101   0.56    0.00       0.00      nan       76   0.041   0.00     sim
  1.07    3e-02   201   0.42    1.00       0.00      284        8   0.482   0.00     sim
  1.07    3e-02   201   0.44    1.00       0.00      460        8   0.358   0.00     NÃO
  1.07    3e-02   201   0.48    0.00       0.00      nan       12   0.116   0.00     sim
  1.07    3e-02   201   0.52    0.00       0.00      nan       10   0.053   0.00     sim
  1.07    3e-02   201   0.56    0.00       0.00      nan       14   0.041   0.00     sim
  1.45    1e-03   101   0.30    0.97       0.97      174      nan   0.596   0.04     sim
  1.45    1e-03   101   0.32    1.00       1.00      482      nan   0.575   0.01     NÃO
  1.45    1e-03   101   0.36    0.93       0.93      992      nan   0.367   0.00     NÃO
  1.45    1e-03   101   0.42    0.43       0.43     4118      nan   0.069   0.00     sim
  1.45    1e-03   101   0.48    0.00       0.00      nan      nan   0.005   0.00     sim
  1.45    1e-03   201   0.30    1.00       1.00      649      nan   0.617   0.00     NÃO
  1.45    1e-03   201   0.32    1.00       1.00     1160      nan   0.546   0.00     NÃO
  1.45    1e-03   201   0.36    1.00       1.00     3718     1691   0.240   0.00     NÃO
  1.45    1e-03   201   0.42    0.10       0.10    17358     1691   0.022   0.00     sim
  1.45    1e-03   201   0.48    0.00       0.00      nan     5020   0.004   0.00     sim
  1.45    3e-03   101   0.30    1.00       1.00      136      173   0.566   0.00     sim
  1.45    3e-03   101   0.32    1.00       1.00      240      174   0.543   0.00     sim
  1.45    3e-03   101   0.36    0.90       0.87      548      174   0.410   0.00     sim
  1.45    3e-03   101   0.42    0.37       0.33     4236     5189   0.066   0.00     sim
  1.45    3e-03   101   0.48    0.00       0.00      nan     5189   0.007   0.00     sim
  1.45    3e-03   201   0.30    1.00       1.00      352      nan   0.567   0.00     sim
  1.45    3e-03   201   0.32    1.00       1.00      563      nan   0.547   0.00     sim
  1.45    3e-03   201   0.36    1.00       1.00     1638     3223   0.365   0.00     NÃO
  1.45    3e-03   201   0.42    0.10       0.10     6516     3891   0.027   0.00     sim
  1.45    3e-03   201   0.48    0.00       0.00      nan     2864   0.006   0.00     sim
  1.45    1e-02   101   0.30    1.00       1.00      142      nan   0.422   0.00     sim
  1.45    1e-02   101   0.32    0.93       0.93      172      622   0.395   0.00     sim
  1.45    1e-02   101   0.36    0.77       0.70      321      618   0.283   0.00     sim
  1.45    1e-02   101   0.42    0.17       0.10     1141      670   0.029   0.00     sim
  1.45    1e-02   101   0.48    0.00       0.00      nan     1004   0.012   0.00     sim
  1.45    1e-02   201   0.30    0.90       0.40      342      318   0.423   0.00     sim
  1.45    1e-02   201   0.32    1.00       0.20      418      318   0.401   0.00     sim
  1.45    1e-02   201   0.36    0.80       0.10     1090      372   0.286   0.00     NÃO
  1.45    1e-02   201   0.42    0.10       0.00     1773      709   0.025   0.00     sim
  1.45    1e-02   201   0.48    0.00       0.00      nan      690   0.012   0.00     sim
  1.45    3e-02   101   0.30    0.00       0.00      nan       58   0.032   0.00     sim
  1.45    3e-02   101   0.32    0.00       0.00      nan       64   0.031   0.00     sim
  1.45    3e-02   101   0.36    0.00       0.00      nan       45   0.032   0.00     sim
  1.45    3e-02   101   0.42    0.00       0.00      nan       76   0.032   0.00     sim
  1.45    3e-02   101   0.48    0.00       0.00      nan       62   0.032   0.00     sim
  1.45    3e-02   201   0.30    0.00       0.00      nan        8   0.034   0.00     sim
  1.45    3e-02   201   0.32    0.00       0.00      nan        9   0.033   0.00     sim
  1.45    3e-02   201   0.36    0.00       0.00      nan       18   0.033   0.00     sim
  1.45    3e-02   201   0.42    0.00       0.00      nan       10   0.032   0.00     sim
  1.45    3e-02   201   0.48    0.00       0.00      nan       18   0.033   0.00     sim
========================================================================================
